-1.12517 1.84285
-0.865388 1.42146
-0.62268 1.05544
-0.515219 0.879682
-0.177368 0.45456
-0.128648 0.396917
-0.10006 0.364525
-0.0846462 0.350139
-0.0772052 0.340283
-0.0711182 0.331579
-0.0668865 0.325072
-0.0616389 0.319159
-0.0576225 0.314988
-0.0543781 0.310317
-0.0517102 0.307007
-0.0494418 0.303809
-0.0477168 0.301495
-0.0460656 0.29937
-0.0450206 0.298098
-0.0441051 0.297042
-0.0433046 0.296148
-0.0425197 0.295283
-0.0418231 0.294497
-0.0412219 0.293742
-0.0406908 0.293078
-0.0402601 0.292565
-0.0398929 0.292155
-0.0395666 0.291749
-0.0392129 0.291299
-0.0387602 0.290664
-0.0384231 0.290207
-0.037996 0.289564
-0.0377422 0.289188
-0.0373816 0.288831
-0.0369677 0.288169
-0.0366579 0.28776
-0.0363873 0.287351
-0.0361053 0.286934
-0.0357436 0.286412
-0.0354667 0.286034
-0.0351335 0.285515
-0.0347901 0.285065
-0.0343606 0.284475
-0.0339507 0.28398
-0.0335147 0.283484
-0.0330494 0.282962
-0.0324265 0.282207
-0.0319793 0.281722
-0.0314694 0.28126
-0.0308945 0.280613
-0.0304981 0.28026
-0.0301664 0.279828
-0.0299141 0.279481
-0.0297781 0.279225
-0.0296969 0.279093
-0.029586 0.27885
-0.0295429 0.278791
-0.029461 0.278614
-0.0293721 0.278394
-0.0292924 0.278216
-0.0292331 0.27807
-0.0291653 0.277898
-0.0290668 0.277636
-0.0290064 0.27748
-0.0289306 0.277295
-0.0288857 0.277196
-0.0288019 0.277002
-0.0287178 0.276856
-0.028626 0.276715
-0.0285359 0.276542
-0.0284511 0.27639
-0.0283693 0.276233
-0.0282531 0.276015
-0.0281722 0.275862
-0.0280873 0.275723
-0.027981 0.275545
-0.0278906 0.275377
-0.0278025 0.275231
-0.0277176 0.275086
-0.0276476 0.274987
-0.0275886 0.274899
-0.0274517 0.274696
-0.0272981 0.274517
-0.0271339 0.274293
-0.0268708 0.274005
-0.0265032 0.273686
-0.0257165 0.273051
-0.0243797 0.272044
-0.0231086 0.271037
-0.0222034 0.270173
-0.0205596 0.268837
-0.0192558 0.268364
-0.0182724 0.267513
-0.0175116 0.266708
-0.0167705 0.2659
-0.0160555 0.265119
-0.0156661 0.264688
-0.0152503 0.264175
-0.0148952 0.263741
-0.0145078 0.263298
-0.0139689 0.26283
-0.0136983 0.262504
-0.0132759 0.261961
-0.0128025 0.261467
-0.0125387 0.261184
-0.0123502 0.260951
-0.0122728 0.260779
-0.0121443 0.260547
-0.0120564 0.260369
-0.0119496 0.260171
-0.0118314 0.25991
-0.0117062 0.259633
-0.0115578 0.259358
-0.0114197 0.259097
-0.0113019 0.258921
-0.0111453 0.258636
-0.0109411 0.258323
-0.010738 0.258012
-0.0103609 0.25748
-0.0100245 0.256995
-0.00968946 0.256586
-0.00937251 0.256245
-0.00895965 0.255877
-0.00863918 0.255615
-0.00842778 0.255493
-0.00832814 0.255422
-0.00828552 0.255371
-0.00825662 0.255334
-0.0082551 0.255342
-0.00825099 0.25535
-0.0082309 0.25532
-0.00821914 0.255291
-0.0082109 0.255274
-0.00820692 0.255271
-0.00819507 0.255272
-0.00817473 0.255216
-0.00815629 0.255177
-0.00814459 0.255138
-0.00812726 0.255086
-0.00812056 0.25507
-0.00808992 0.254982
-0.00807278 0.25494
-0.00807379 0.254944
-0.0080535 0.254885
-0.00803103 0.254837
-0.00799901 0.254814
-0.00799629 0.254806
-0.0079941 0.2548
-0.00797947 0.254776
-0.00797405 0.254771
-0.0079654 0.254746
-0.00795639 0.254724
-0.0079408 0.254699
-0.0079139 0.254636
-0.00787785 0.254568
-0.00784813 0.254525
-0.00776553 0.254369
-0.0076815 0.254215
-0.00763075 0.254138
-0.00756259 0.254019
-0.00751232 0.253929
-0.00746892 0.253854
-0.00743709 0.253793
-0.00739672 0.253723
-0.00732856 0.253581
-0.00732363 0.253574
-0.00729212 0.253507
-0.00728301 0.253487
-0.0072775 0.253473
-0.00726942 0.253474
-0.00727054 0.25347
-0.00726697 0.253469
-0.00726471 0.253457
-0.00723937 0.253392
-0.00722756 0.253359
-0.00722365 0.25335
-0.00721831 0.253339
-0.00723501 0.253538
-0.0072366 0.253541
-0.0072361 0.253536
-0.00723492 0.253528
-0.00723009 0.253508
-0.00722341 0.253493
-0.00722269 0.253485
-0.00721511 0.253462
-0.00721043 0.253452
-0.00721228 0.253456
-0.00721536 0.253466
-0.00721122 0.253458
-0.00721441 0.253469
-0.00721751 0.253477
-0.00722042 0.253482
-0.00722156 0.253482
-0.00722296 0.253482
-0.00722378 0.253481
-0.00722575 0.25348
-0.00722573 0.253476
-0.00722449 0.253473
-0.00722778 0.253483
